# Created by Octave 6.4.0, Sun Mar 20 17:32:12 2022 GMT <unknown@DESKTOP-5EAP2AJ>
# name: Amplitude_Sinal
# type: scalar
2


# name: Frequencia_Amostragem
# type: scalar
1000


# name: Frequencia_Sinal
# type: scalar
10


# name: Linha_Valor_Medio
# type: matrix
# rows: 1
# columns: 1000
 0.5 0.5 0.5 0.5 0.5 0.5 0.5 0.5 0.5 0.5 0.5 0.5 0.5 0.5 0.5 0.5 0.5 0.5 0.5 0.5 0.5 0.5 0.5 0.5 0.5 0.5 0.5 0.5 0.5 0.5 0.5 0.5 0.5 0.5 0.5 0.5 0.5 0.5 0.5 0.5 0.5 0.5 0.5 0.5 0.5 0.5 0.5 0.5 0.5 0.5 0.5 0.5 0.5 0.5 0.5 0.5 0.5 0.5 0.5 0.5 0.5 0.5 0.5 0.5 0.5 0.5 0.5 0.5 0.5 0.5 0.5 0.5 0.5 0.5 0.5 0.5 0.5 0.5 0.5 0.5 0.5 0.5 0.5 0.5 0.5 0.5 0.5 0.5 0.5 0.5 0.5 0.5 0.5 0.5 0.5 0.5 0.5 0.5 0.5 0.5 0.5 0.5 0.5 0.5 0.5 0.5 0.5 0.5 0.5 0.5 0.5 0.5 0.5 0.5 0.5 0.5 0.5 0.5 0.5 0.5 0.5 0.5 0.5 0.5 0.5 0.5 0.5 0.5 0.5 0.5 0.5 0.5 0.5 0.5 0.5 0.5 0.5 0.5 0.5 0.5 0.5 0.5 0.5 0.5 0.5 0.5 0.5 0.5 0.5 0.5 0.5 0.5 0.5 0.5 0.5 0.5 0.5 0.5 0.5 0.5 0.5 0.5 0.5 0.5 0.5 0.5 0.5 0.5 0.5 0.5 0.5 0.5 0.5 0.5 0.5 0.5 0.5 0.5 0.5 0.5 0.5 0.5 0.5 0.5 0.5 0.5 0.5 0.5 0.5 0.5 0.5 0.5 0.5 0.5 0.5 0.5 0.5 0.5 0.5 0.5 0.5 0.5 0.5 0.5 0.5 0.5 0.5 0.5 0.5 0.5 0.5 0.5 0.5 0.5 0.5 0.5 0.5 0.5 0.5 0.5 0.5 0.5 0.5 0.5 0.5 0.5 0.5 0.5 0.5 0.5 0.5 0.5 0.5 0.5 0.5 0.5 0.5 0.5 0.5 0.5 0.5 0.5 0.5 0.5 0.5 0.5 0.5 0.5 0.5 0.5 0.5 0.5 0.5 0.5 0.5 0.5 0.5 0.5 0.5 0.5 0.5 0.5 0.5 0.5 0.5 0.5 0.5 0.5 0.5 0.5 0.5 0.5 0.5 0.5 0.5 0.5 0.5 0.5 0.5 0.5 0.5 0.5 0.5 0.5 0.5 0.5 0.5 0.5 0.5 0.5 0.5 0.5 0.5 0.5 0.5 0.5 0.5 0.5 0.5 0.5 0.5 0.5 0.5 0.5 0.5 0.5 0.5 0.5 0.5 0.5 0.5 0.5 0.5 0.5 0.5 0.5 0.5 0.5 0.5 0.5 0.5 0.5 0.5 0.5 0.5 0.5 0.5 0.5 0.5 0.5 0.5 0.5 0.5 0.5 0.5 0.5 0.5 0.5 0.5 0.5 0.5 0.5 0.5 0.5 0.5 0.5 0.5 0.5 0.5 0.5 0.5 0.5 0.5 0.5 0.5 0.5 0.5 0.5 0.5 0.5 0.5 0.5 0.5 0.5 0.5 0.5 0.5 0.5 0.5 0.5 0.5 0.5 0.5 0.5 0.5 0.5 0.5 0.5 0.5 0.5 0.5 0.5 0.5 0.5 0.5 0.5 0.5 0.5 0.5 0.5 0.5 0.5 0.5 0.5 0.5 0.5 0.5 0.5 0.5 0.5 0.5 0.5 0.5 0.5 0.5 0.5 0.5 0.5 0.5 0.5 0.5 0.5 0.5 0.5 0.5 0.5 0.5 0.5 0.5 0.5 0.5 0.5 0.5 0.5 0.5 0.5 0.5 0.5 0.5 0.5 0.5 0.5 0.5 0.5 0.5 0.5 0.5 0.5 0.5 0.5 0.5 0.5 0.5 0.5 0.5 0.5 0.5 0.5 0.5 0.5 0.5 0.5 0.5 0.5 0.5 0.5 0.5 0.5 0.5 0.5 0.5 0.5 0.5 0.5 0.5 0.5 0.5 0.5 0.5 0.5 0.5 0.5 0.5 0.5 0.5 0.5 0.5 0.5 0.5 0.5 0.5 0.5 0.5 0.5 0.5 0.5 0.5 0.5 0.5 0.5 0.5 0.5 0.5 0.5 0.5 0.5 0.5 0.5 0.5 0.5 0.5 0.5 0.5 0.5 0.5 0.5 0.5 0.5 0.5 0.5 0.5 0.5 0.5 0.5 0.5 0.5 0.5 0.5 0.5 0.5 0.5 0.5 0.5 0.5 0.5 0.5 0.5 0.5 0.5 0.5 0.5 0.5 0.5 0.5 0.5 0.5 0.5 0.5 0.5 0.5 0.5 0.5 0.5 0.5 0.5 0.5 0.5 0.5 0.5 0.5 0.5 0.5 0.5 0.5 0.5 0.5 0.5 0.5 0.5 0.5 0.5 0.5 0.5 0.5 0.5 0.5 0.5 0.5 0.5 0.5 0.5 0.5 0.5 0.5 0.5 0.5 0.5 0.5 0.5 0.5 0.5 0.5 0.5 0.5 0.5 0.5 0.5 0.5 0.5 0.5 0.5 0.5 0.5 0.5 0.5 0.5 0.5 0.5 0.5 0.5 0.5 0.5 0.5 0.5 0.5 0.5 0.5 0.5 0.5 0.5 0.5 0.5 0.5 0.5 0.5 0.5 0.5 0.5 0.5 0.5 0.5 0.5 0.5 0.5 0.5 0.5 0.5 0.5 0.5 0.5 0.5 0.5 0.5 0.5 0.5 0.5 0.5 0.5 0.5 0.5 0.5 0.5 0.5 0.5 0.5 0.5 0.5 0.5 0.5 0.5 0.5 0.5 0.5 0.5 0.5 0.5 0.5 0.5 0.5 0.5 0.5 0.5 0.5 0.5 0.5 0.5 0.5 0.5 0.5 0.5 0.5 0.5 0.5 0.5 0.5 0.5 0.5 0.5 0.5 0.5 0.5 0.5 0.5 0.5 0.5 0.5 0.5 0.5 0.5 0.5 0.5 0.5 0.5 0.5 0.5 0.5 0.5 0.5 0.5 0.5 0.5 0.5 0.5 0.5 0.5 0.5 0.5 0.5 0.5 0.5 0.5 0.5 0.5 0.5 0.5 0.5 0.5 0.5 0.5 0.5 0.5 0.5 0.5 0.5 0.5 0.5 0.5 0.5 0.5 0.5 0.5 0.5 0.5 0.5 0.5 0.5 0.5 0.5 0.5 0.5 0.5 0.5 0.5 0.5 0.5 0.5 0.5 0.5 0.5 0.5 0.5 0.5 0.5 0.5 0.5 0.5 0.5 0.5 0.5 0.5 0.5 0.5 0.5 0.5 0.5 0.5 0.5 0.5 0.5 0.5 0.5 0.5 0.5 0.5 0.5 0.5 0.5 0.5 0.5 0.5 0.5 0.5 0.5 0.5 0.5 0.5 0.5 0.5 0.5 0.5 0.5 0.5 0.5 0.5 0.5 0.5 0.5 0.5 0.5 0.5 0.5 0.5 0.5 0.5 0.5 0.5 0.5 0.5 0.5 0.5 0.5 0.5 0.5 0.5 0.5 0.5 0.5 0.5 0.5 0.5 0.5 0.5 0.5 0.5 0.5 0.5 0.5 0.5 0.5 0.5 0.5 0.5 0.5 0.5 0.5 0.5 0.5 0.5 0.5 0.5 0.5 0.5 0.5 0.5 0.5 0.5 0.5 0.5 0.5 0.5 0.5 0.5 0.5 0.5 0.5 0.5 0.5 0.5 0.5 0.5 0.5 0.5 0.5 0.5 0.5 0.5 0.5 0.5 0.5 0.5 0.5 0.5 0.5 0.5 0.5 0.5 0.5 0.5 0.5 0.5 0.5 0.5 0.5 0.5 0.5 0.5 0.5 0.5 0.5 0.5 0.5 0.5 0.5 0.5 0.5 0.5 0.5 0.5 0.5 0.5 0.5 0.5 0.5 0.5 0.5 0.5 0.5 0.5 0.5 0.5 0.5 0.5 0.5 0.5 0.5 0.5 0.5 0.5 0.5 0.5 0.5 0.5 0.5 0.5 0.5 0.5 0.5 0.5 0.5 0.5 0.5 0.5 0.5 0.5 0.5 0.5 0.5 0.5 0.5 0.5 0.5 0.5 0.5 0.5 0.5 0.5 0.5 0.5 0.5 0.5 0.5 0.5 0.5 0.5 0.5 0.5 0.5 0.5 0.5 0.5 0.5 0.5 0.5 0.5 0.5 0.5 0.5 0.5 0.5 0.5 0.5 0.5 0.5 0.5 0.5 0.5 0.5 0.5 0.5 0.5 0.5 0.5 0.5 0.5 0.5 0.5 0.5 0.5 0.5 0.5 0.5 0.5 0.5 0.5 0.5 0.5 0.5 0.5 0.5 0.5


# name: Senoide
# type: matrix
# rows: 1
# columns: 1000
 0.5 0.62570658008896385 0.750916060360592 0.87513330675167422 0.99786710893378316 1.1186321227777378 1.2369507896204999 1.3523552247448705 1.4643890676040954 1.5726092864747649 1.6765879304016102 1.7759138215062238 1.8701941809675617 1.9590561822443768 2.0421484253974493 2.1191423266814882 2.1897334179116354 2.2536425504663069 2.3106169991651933 2.3604314616572086 2.4028889493663534 2.4378215664722989 2.4650911738452557 2.4845899353096277 2.4962407440762924 2.4999975276571949 2.4958454300564865 2.4838008705177534 2.4639114785950134 2.4362559058042379 2.4009435146002231 2.3581139459087255 2.3079365669240324 2.2506098013556262 2.1863603447724453 2.1154422681476133 2.0381360131486339 1.9547472831460977 1.8656058343263782 1.7710641716887683 1.6714961550836787 1.5672955208042452 1.4588743245776199 1.3466613121130691 1.231100223650438 1.1126480392135676 0.99177317150770028 0.86895361360698509 0.74467504875691459 0.61942892976642072 0.49371053558452799 0.36801701274675869 0.24284540943626304 0.1186907099338711 -0.0039561227702503698 -0.12461008846297905 -0.24279406761513578 -0.35804070812465261 -0.46989427343497459 -0.57791244472043291 -0.68166807001191554 -0.78075085334605165 -0.87476897725822034 -0.96335065220335592 -1.046145586777435 -1.1228263729257317 -1.1930897806601208 -1.2566579571655376 -1.3132795255537779 -1.3627305789197079 -1.404815565768903 -1.4393680633153751 -1.4662514355914082 -1.4853593737670405 -1.4966163165425364 -1.4999777489514281 -1.4954303783925229 -1.4829921871947698 -1.4627123615071189 -1.4346710967945806 -1.3989792807096266 -1.3557780545930189 -1.3052382553380686 -1.2475597398254572 -1.1829705946001008 -1.1117262339153391 -1.0341083897111978 -0.95042399752079532 -0.86100398271050493 -0.76620195185364182 -0.66639279441254784 -0.561971200258641 -0.45335009889285427 -0.34095902653842869 -0.22524242756333457 -0.10665789694925465 0.014325629242825322 0.13722972825469848 0.26156838252765147 0.38684990163241456 0.51257886663213403 0.63825808918956872 0.76339057767124796 0.88748150247379354 1.0100401528006202 1.1305818771510052 1.2486299998480375 1.3637177060265939 1.4753898876272691 1.5832049430963795 1.686736523675241 1.7855752193730769 1.879330177956523 1.9676306505534553 2.0501274577592028 2.1264943704474661 2.1964293998256035 2.259655991632858 2.3159241197590923 2.3650112749594143 2.4067233447548579 2.4408953810395939 2.46739225235922 2.4861091782807354 2.4969721437410448 2.4999381917354935 2.4949955931889995 2.4821638933380394 2.4614938344400796 2.433067155116083 2.3969962671195901 2.3534238108105709 2.3025220910918898 2.2444923960389724 2.1795642009170786 2.1079942607338822 2.0300655949157824 1.9460863681230205 1.8563886716293341 1.7613272100851149 1.6612778988572108 1.5566363774921015 1.4478164451808873 1.3352484244129337 1.2193774592890736 1.1006617552235021 0.97957076699547219 0.85658334231595457 0.73218582825046208 0.60687014798611538 0.48113185554820598 0.35546817615882442 0.23037603998683248 0.10635011706459252 -0.016119138857698223 -0.13654742978461587 -0.25445852860553964 -0.36938616230879207 -0.48087585583283965 -0.5884867292631577 -0.69179324126779584 -0.79038687187738543 -0.88387773795509172 -0.97189613496820448 -1.0540939989645755 -1.1301462829725237 -1.1997522423813727 -1.2626366242196145 -1.3185507556277762 -1.367273527221692 -1.4086122674574968 -1.4424035045407522 -1.4685136128667371 -1.4868393414356214 -1.4973082221529128 -1.4998788564005874 -1.4945410787456654 -1.4813159971388634 -1.4602559094443528 -1.4314440966307103 -1.3949944934408605 -1.3510512378433566 -1.2997881010466368 -1.2414078003302549 -1.1761411974104523 -1.1042463855100884 -1.0260076687430546 -0.94173443784917188 -0.85175994672535937 -0.75643999459128497 -0.65615151900074387 -0.55129110526264302 -0.44227341816603638 -0.32952956221081375 -0.21350537682846227 -0.094659673334345773 0.026537579416636981 0.14960711349625955 0.27406225714185284 0.39941085927326719 0.52515723567747918 0.65080412916480135 0.77585467594530644 0.89981437044960955 1.0221930208241778 1.1425066873682863 1.26027959624719 1.3750460209138065 1.4863521237989477 1.5937577509872545 1.6968381727818542 1.7951857632747867 1.8884116122814447 1.9761470632646758 2.0580451711669809 2.1337820743858105 2.2030582754666224 2.2655998254492378 2.3211594071840707 2.3695173133343017 2.4104823151965737 2.4438924189044675 2.4696155060244154 2.487549856010848 2.4976245484545383 2.4997997435334978 2.4940668395573802 2.4804485069823974 2.4589985987622329 2.4298019373894784 2.3929739794697049 2.3486603591546173 2.2970363122397366 2.2383059832039995 2.1727016179315535 2.1004826453080647 2.0219346513233352 1.9373682497370759 1.8471178537737327 1.7515403537036147 1.6510137055397822 1.5459354364316065 1.4367210726653217 1.3238024964879882 1.2076262382526792 1.0886517106385645 0.96734939192850478 0.84419896552833684 0.71968742308500133 0.59430713870461516 0.46855392188591716 0.34292505686866243 0.21791733615016545 0.0940250959464769 -0.028261738633210687 -0.14845959096874439 -0.2660931452063322 -0.38069722586923649 -0.49181863736877784 -0.5990179561416118 -0.70187126832624647 -0.79997184610728933 -0.89293175609844044 -0.98038339340388503 -1.0619809352918337 -1.1374017087316557 -1.2063474663867857 -1.2685455660175526 -1.3237500486300684 -1.3717426111076227 -1.412333469478501 -1.4453621094063198 -1.4706979209352318 -1.4882407149798786 -1.4979211195176545 -1.4997008539166008 -1.4935728803140689 -1.4795614314475662 -1.4577219148277232 -1.4281406936323033 -1.3909347451877265 -1.3462511983886267 -1.2942667518846269 -1.2351869753352041 -1.1692454964956358 -1.0967030773488122 -1.0178465829361776 -0.93298784696556547 -0.84246243868180892 -0.74662833587643629 -0.64586450928404204 -0.54056942396315932 -0.43115946358791468 -0.3180672838814913 -0.2017401017026661 -0.082637926551091812 0.038768258515116449 0.16199835935629964 0.28656506925728104 0.41197579595522948 0.53773460956893515 0.66334420372640823 0.78830786213591963 0.91213142282338233 1.0343252322690408 1.1544060817155426 1.2718991179906511 1.3863397212882536 1.4972753424819789 1.6042672927061434 1.7068924781268504 1.8047450730435808 1.8974381247047347 1.9846050834912143 2.0659012524169276 2.1410051502141725 2.2096197826138502 2.2714738167930575 2.3263226543459661 2.3739493985348759 2.4141657119965418 2.4468125615120044 2.4717608468947909 2.4889119115105549 2.4981979324093628 2.4995821885278522 2.493059205900674 2.4786547793069866 2.4564258702664179 2.4264603817878241 2.3888768107616585 2.3438237793704535 2.2914794473705111 2.2320508075688803 2.1657728672815457 2.0929077190098608 2.0137435040099856 1.9285932728540434 1.8377937474886799 1.7417039896864872 1.6407039811558077 1.535193120923755 1.4255886459346014 1.3123239811089475 1.1958470253885694 1.0766183805444443 0.95510952975216434 0.83180097313742518 0.70718032766448313 0.58174039888142659 0.45597723214754726 0.33038815104898295 0.20546979075971794 0.081716134124871442 -0.040383441767566031 -0.16034610080166956 -0.27769745718277872 -0.39197345137015016 -0.50272218517520484 -0.60950570876823429 -0.71190175252709165 -0.80950539687947165 -0.90193067353519218 -0.98881209177683616 -1.0698060837728078 -1.1445923631976145 -1.212875191786692 -1.2743845488172054 -1.3288771988903325 -1.3761376537923304 -1.4159790246309771 -1.4482437608774723 -1.4728042733914291 -1.4895634389651706 -1.4984549843921586 -1.4994437485407774 -1.4925258213971091 -1.4777285595268717 -1.4551104778953725 -1.4247610184732669 -1.3868001965431644 -1.3413781261057254 -1.2886744262620562 -1.2288975109197313 -1.1622837646313882 -1.089096607824892 -1.0096254551215973 -0.92418457086205485 -0.83311182636474213 -0.73676736383243324 -0.6355321721894176 -0.52980658048162632 -0.42000867479722848 -0.30657264496796166 -0.18994706758918578 -0.070593132148103477 0.051017182724851895 0.17440297566980945 0.29907632429566328 0.42454421464256586 0.55031049077874594 0.67587781682211778 0.80074964362786982 0.92443217236501329 1.0464363072169303 1.1662795894841147 1.2834881054407954 1.3975983604009197 1.5081591115826516 1.6147331525232815 1.7168990419884325 1.8142527705383762 1.9064093581613628 1.9930043766561047 2.0736953907431772 2.1481633122067305 2.2161136617113737 2.2772777333047109 2.3314136570003381 2.3783073552395333 2.4177733894492999 2.4496556933490674 2.4738281901063193 2.490195290900532 2.4986922729239618 2.4992855353244599 2.4919727320782092 2.4767827812669463 2.4537757507229863 2.4230426204942521 2.3847049230686377 2.3389142627804116 2.285851716299137 2.2257271165718615 2.1587782230501684 2.0852697814833716 2.0054924769959115 1.9197617845888584 1.8284167216112286 1.7318185071343646 1.6303491335307845 1.5244098559062327 1.414419605358155 1.3008133323356099 1.1840402866513453 1.0645622409479438 0.94285166464312442 0.81938985557509714 0.6946650367366094 0.56917042562363773 0.4434022838337659 0.3178579546267194 0.19303389620756739 0.069423718509825205 -0.052483768758144089 -0.17220648908442848 -0.28927100549887907 -0.40321439275378856 -0.51358606793654449 -0.61994957227518532 -0.721884297090847 -0.81898714707178843 -0.91087413429190378 -0.99718189666997969 -1.0775691348652576 -1.1517179619270861 -1.2193351603614873 -1.2801533416438127 -1.333932003592025 -1.3804584814195169 -1.4195487887063776 -1.4510483449636755 -1.4748325869135779 -1.4908074610680246 -1.4989097956581388 -1.4991075504435278 -1.4913999434136755 -1.4758174538803563 -1.4524217019488608 -1.421305204844642 -1.3825910110590083 -1.3364322137605498 -1.2830113453965692 -1.2225396558784627 -1.1552562772054631 -1.0814272778301877 -1.0013446105054529 -0.91532495777301248 -0.82370847965973915 -0.726857468533326 -0.62515491643687571 -0.51900300056775328 -0.40882149288975467 -0.29504610016783128 -0.17812674098934822 -0.058525766585663663 0.063283867510706526 0.18682047174288308 0.31159552734473994 0.43711561816175937 0.56288438183824285 0.68840447265525517 0.81317952825711215 0.93671613248928876 1.0585257665856522 1.1781267409893503 1.2950461001678268 1.4088214928897504 1.5190030005677551 1.6251549164368717 1.7268574685333278 1.8237084796597354 1.915324957773004 2.0013446105054493 2.0814272778301843 2.1552562772054644 2.2225396558784603 2.2830113453965639 2.3364322137605535 2.3825910110590041 2.4213052048446428 2.4524217019488583 2.4758174538803548 2.4913999434136764 2.4991075504435276 2.4989097956581388 2.4908074610680258 2.4748325869135774 2.4510483449636751 2.4195487887063809 2.3804584814195184 2.3339320035920297 2.2801533416438118 2.2193351603614859 2.1517179619270932 2.0775691348652652 1.9971818966699781 1.9108741342919073 1.8189871470717869 1.7218842970908566 1.6199495722751951 1.5135860679365425 1.4032143927537928 1.2892710054988772 1.1722064890844466 1.0524837687581421 0.93057628149017957 0.80696610379243738 0.68214204537327849 0.5565977161662532 0.43082957437636005 0.30533496326339543 0.1806101444249078 0.057148335356880298 -0.064562240947938943 -0.18404028665134087 -0.30081333233560548 -0.4144196053581507 -0.52440985590622846 -0.63034913353078026 -0.73181850713436059 -0.82841672161122482 -0.91976178458884994 -1.0054924769959177 -1.0852697814833645 -1.1587782230501655 -1.2257271165718593 -1.2858517162991316 -1.3389142627804149 -1.3847049230686339 -1.4230426204942506 -1.4537757507229834 -1.4767827812669456 -1.4919727320782095 -1.4992855353244596 -1.4986922729239618 -1.4901952909005329 -1.4738281901063202 -1.449655693349067 -1.4177733894493034 -1.3783073552395373 -1.331413657000337 -1.2772777333047132 -1.2161136617113724 -1.1481633122067374 -1.0736953907431843 -0.99300437665610319 -0.90640935816137125 -0.81425277053837464 -0.71689904198844756 -0.61473315252327976 -0.50815911158264981 -0.39759836040093022 -0.28348810544079317 -0.16627958948413268 -0.046436307216928152 0.075567827634981932 0.1992503563721183 0.32412218317787733 0.44968950922125628 0.57545578535743636 0.70092367570433189 0.82559702433017867 0.94898281727514333 1.0705931321481055 1.1899470675891812 1.3065726449679571 1.4200086747972116 1.5298065804816221 1.6355321721894194 1.7367673638324295 1.8331118263647384 1.9241845708620413 2.0096254551216033 2.0890966078248887 2.1622837646313853 2.2288975109197251 2.288674426262054 2.3413781261057292 2.3868001965431631 2.4247610184732658 2.4551104778953698 2.477728559526871 2.4925258213971091 2.4994437485407772 2.4984549843921591 2.4895634389651722 2.4728042733914299 2.4482437608774719 2.4159790246309782 2.3761376537923349 2.3288771988903316 2.2743845488172107 2.2128751917866909 2.1445923631976216 2.0698060837728152 1.9888120917768299 1.9019306735352008 1.8095053968794701 1.7119017525271012 1.6095057087682325 1.5027221851752028 1.3919734513701609 1.2776974571827766 1.1603461008016809 1.0403834417675639 0.91828386587512645 0.79453020924029394 0.66961184895102188 0.54402276785245052 0.41825960111857829 0.29281967233551465 0.16819902686258659 0.04489047024784043 -0.076618380544446363 -0.1958470253885648 -0.31232398110894943 -0.42558864593458445 -0.53519312092376281 -0.64070398115580374 -0.74170398968648343 -0.83779374748868141 -0.92859327285403004 -1.0137435040099869 -1.0929077190098577 -1.1657728672815433 -1.2320508075688781 -1.2914794473705087 -1.3438237793704515 -1.3888768107616569 -1.426460381787823 -1.4564258702664168 -1.4786547793069862 -1.4930592059006735 -1.4995821885278522 -1.4981979324093633 -1.4889119115105538 -1.4717608468947929 -1.4468125615120053 -1.4141657119965434 -1.3739493985348803 -1.3263226543459623 -1.2714738167930633 -1.2096197826138528 -1.1410051502141794 -1.065901252416926 -0.98460508349121278 -0.89743812470474316 -0.80474507304358456 -0.70689247812685996 -0.60426729270614166 -0.49727534248197702 -0.38633972128826422 -0.27189911799066224 -0.15440608171554049 -0.034325232269045602 0.087868577176619889 0.21169213786406843 0.33665579627357978 0.46226539043106707 0.58802420404475853 0.71343493074272113 0.83800164064368143 0.96123174148488566 1.0826379265510939 1.2017401017026548 1.3180672838814933 1.4311594635878977 1.5405694239631611 1.645864509284038 1.746628335876427 1.8424624386818054 1.9329878469655621 2.0178465829361789 2.0967030773488093 2.1692454964956291 2.2351869753352016 2.2942667518846247 2.3462511983886247 2.390934745187725 2.4281406936322982 2.4577219148277223 2.4795614314475656 2.4935728803140682 2.4997008539166008 2.4979211195176552 2.4882407149798773 2.4706979209352324 2.4453621094063207 2.4123334694785044 2.3717426111076296 2.3237500486300648 2.2685455660175551 2.2063474663867879 2.1374017087316624 2.061980935291837 1.9803833934038835 1.892931756098444 1.7999718461072984 1.7018712683262562 1.599017956141616 1.4918186373687758 1.3806972258692409 1.2660931452063433 1.1484595909687423 1.0282617386332187 0.90597490405352099 0.78208266384984293 0.65707494313134951 0.53144607811408417 0.40569286129539683 0.280312576915 0.15580103447166793 0.032650608071493059 -0.088651710638559811 -0.20762623825266802 -0.32380249648798376 -0.43672107266531413 -0.54593543643160514 -0.65101370553977533 -0.75154035370360273 -0.84711785377372917 -0.93736824973707988 -1.0219346513233343 -1.1004826453080596 -1.1727016179315448 -1.2383059832039951 -1.2970363122397357 -1.3486603591546156 -1.392973979469702 -1.4298019373894739 -1.4589985987622345 -1.4804485069823972 -1.49406683955738 -1.4997997435334975 -1.4976245484545392 -1.4875498560108478 -1.4696155060244163 -1.4438924189044688 -1.4104823151965775 -1.3695173133343037 -1.3211594071840698 -1.2655998254492404 -1.203058275466627 -1.1337820743858191 -1.0580451711669863 -0.97614706326467671 -0.88841161228144805 -0.79518576327479584 -0.69683817278185534 -0.59375775098726158 -0.48635212379894865 -0.375046020913814 -0.26027959624720454 -0.14250668736829109 -0.022193020824185949 0.10018562955038918 0.22414532405468524 0.34919587083519732 0.47484276432252653 0.60058914072672076 0.72593774285814228 0.85039288650372868 0.97346242058335819 1.0946596733343512 1.2135053768284512 1.3295295622108094 1.4422734181660384 1.5512911052626388 1.6561515190007456 1.756439994591273 1.8517599467253532 1.941734437849171 2.0260076687430515 2.1042463855100895 2.1761411974104439 2.2414078003302578 2.2997881010466363 2.3510512378433535 2.3949944934408602 2.4314440966307078 2.4602559094443537 2.4813159971388634 2.494541078745665 2.4998788564005876 2.4973082221529124 2.4868393414356209 2.468513612866738 2.4424035045407551 2.4086122674574981 2.3672735272216903 2.3185507556277769 2.262636624219617 2.1997522423813791 2.1301462829725266 2.0540939989645741 1.9718961349682078 1.8838777379550979 1.7903868718773972 1.6917932412677883 1.5884867292631557 1.4808758558328439 1.3693861623087997 1.2544585286055541 1.1365474297846103 1.0161191388576993 0.89364988293541581 0.76962396001317945 0.64453182384117691 0.51886814445178819 0.39312985201388595 0.2678141717495463 0.14341665768406076 0.020429233004532588 -0.10066175522350429 -0.21937745928906904 -0.33524842441292613 -0.44781644518088592 -0.55663637749209749 -0.66127789885721255 -0.76132721008511095 -0.85638867162932519 -0.94608636812301716 -1.0300655949157747 -1.1079942607338811 -1.1795642009170761 -1.2444923960389735 -1.3025220910918878 -1.3534238108105663 -1.3969962671195899 -1.4330671551160807 -1.4614938344400794 -1.4821638933380386 -1.4949955931889987 -1.4999381917354937 -1.4969721437410446 -1.4861091782807356 -1.4673922523592215 -1.4408953810395972 -1.4067233447548602 -1.3650112749594139 -1.3159241197590936 -1.2596559916328631 -1.1964293998256126 -1.1264943704474617 -1.0501274577592026 -0.96763065055345865 -0.87933017795653168 -0.7855752193730916 -0.6867365236752363 -0.5832049430963806 -0.47538988762727497 -0.36371770602660625 -0.24862999984804202 -0.13058187715100145 -0.010040152800623203 0.11251849752619641 0.23660942232873844 0.36174191081042462 0.48742113336786635 0.61315009836758061 0.73843161747233665 0.86277027174530019 0.98567437075716646 1.1066578969492533 1.2252424275633285 1.3409590265384179 1.4533500988928516 1.5619712002586323 1.6663927944125454 1.7662019518536367 1.8610039827105052 1.9504239975207909 2.0341083897111902 2.111726233915336 2.1829705946000955 2.2475597398254568 2.3052382553380646 2.3557780545930136 2.3989792807096251 2.434671096794581 2.4627123615071183 2.4829921871947684 2.495430378392522 2.4999777489514283 2.4966163165425366 2.4853593737670412 2.4662514355914107 2.439368063315376 2.4048155657689012 2.3627305789197086 2.3132795255537815 2.2566579571655434 2.1930897806601237 2.1228263729257293 2.0461455867774365 1.9633506522033624 1.874768977258231 1.7807508533460568 1.6816680700119144 1.5779124447204362 1.4698942734349842 1.3580407081246673 1.2427940676151303 1.1246100884629788 1.003956122770256 0.88130929006614078 0.7571545905637409 0.63198298725323654 0.50628946441547418 0.38057107023358777 0.25532495124309906 0.13104638639302063 0.0082268284922967783 -0.11264803921356381 -0.23110022365042937 -0.34666131211305495 -0.45887432457762567 -0.56729552080424539 -0.67149615508367466 -0.77106417168875963 -0.86560583432637594 -0.95474728314610102 -1.038136013148633 -1.1154422681476097 -1.1863603447724378 -1.2506098013556237 -1.3079365669240337 -1.3581139459087246 -1.4009435146002205 -1.4362559058042375 -1.463911478595012 -1.4838008705177539 -1.4958454300564863 -1.4999975276571949 -1.4962407440762926 -1.4845899353096284 -1.4650911738452554 -1.4378215664723006 -1.4028889493663528 -1.36043146165721 -1.3106169991651977 -1.253642550466308 -1.1897334179116399 -1.1191423266814877 -1.0421484253974531 -0.95905618224438482 -0.8701941809675644 -0.77591382150622024 -0.67658793040161136 -0.57260928647477116 -0.46438906760410725 -0.35235522474487535 -0.23695078962049709 -0.11863212277774082 0.0021328910662078426 0.12486669324831079 0.249083939639415 0.37429341991103726 0.49999999999999512


# name: Valor_Medio
# type: scalar
0.5


# name: ans
# type: scalar
1.4993331851193057


# name: t
# type: matrix
# rows: 1
# columns: 1000
 0 0.001001001001001001 0.002002002002002002 0.003003003003003003 0.004004004004004004 0.005005005005005005 0.006006006006006006 0.0070070070070070069 0.0080080080080080079 0.0090090090090090089 0.01001001001001001 0.011011011011011011 0.012012012012012012 0.013013013013013013 0.014014014014014014 0.015015015015015015 0.016016016016016016 0.017017017017017015 0.018018018018018018 0.019019019019019021 0.02002002002002002 0.021021021021021019 0.022022022022022022 0.023023023023023025 0.024024024024024024 0.025025025025025023 0.026026026026026026 0.027027027027027029 0.028028028028028028 0.029029029029029027 0.03003003003003003 0.031031031031031032 0.032032032032032032 0.033033033033033031 0.03403403403403403 0.035035035035035036 0.036036036036036036 0.037037037037037035 0.038038038038038041 0.03903903903903904 0.04004004004004004 0.041041041041041039 0.042042042042042038 0.043043043043043044 0.044044044044044044 0.045045045045045043 0.046046046046046049 0.047047047047047048 0.048048048048048048 0.049049049049049047 0.050050050050050046 0.051051051051051052 0.052052052052052052 0.053053053053053051 0.054054054054054057 0.055055055055055056 0.056056056056056056 0.057057057057057055 0.058058058058058054 0.05905905905905906 0.06006006006006006 0.061061061061061059 0.062062062062062065 0.063063063063063057 0.064064064064064064 0.06506506506506507 0.066066066066066062 0.067067067067067068 0.068068068068068061 0.069069069069069067 0.070070070070070073 0.071071071071071065 0.072072072072072071 0.073073073073073078 0.07407407407407407 0.075075075075075076 0.076076076076076082 0.077077077077077075 0.078078078078078081 0.079079079079079073 0.080080080080080079 0.081081081081081086 0.082082082082082078 0.083083083083083084 0.084084084084084076 0.085085085085085083 0.086086086086086089 0.087087087087087081 0.088088088088088087 0.089089089089089094 0.090090090090090086 0.091091091091091092 0.092092092092092098 0.093093093093093091 0.094094094094094097 0.095095095095095089 0.096096096096096095 0.097097097097097101 0.098098098098098094 0.0990990990990991 0.10010010010010009 0.1011011011011011 0.1021021021021021 0.1031031031031031 0.1041041041041041 0.10510510510510511 0.1061061061061061 0.10710710710710711 0.10810810810810811 0.10910910910910911 0.11011011011011011 0.1111111111111111 0.11211211211211211 0.11311311311311312 0.11411411411411411 0.11511511511511512 0.11611611611611611 0.11711711711711711 0.11811811811811812 0.11911911911911911 0.12012012012012012 0.12112112112112113 0.12212212212212212 0.12312312312312312 0.12412412412412413 0.12512512512512514 0.12612612612612611 0.12712712712712712 0.12812812812812813 0.12912912912912913 0.13013013013013014 0.13113113113113112 0.13213213213213212 0.13313313313313313 0.13413413413413414 0.13513513513513514 0.13613613613613612 0.13713713713713713 0.13813813813813813 0.13913913913913914 0.14014014014014015 0.14114114114114115 0.14214214214214213 0.14314314314314314 0.14414414414414414 0.14514514514514515 0.14614614614614616 0.14714714714714713 0.14814814814814814 0.14914914914914915 0.15015015015015015 0.15115115115115116 0.15215215215215216 0.15315315315315314 0.15415415415415415 0.15515515515515516 0.15615615615615616 0.15715715715715717 0.15815815815815815 0.15915915915915915 0.16016016016016016 0.16116116116116116 0.16216216216216217 0.16316316316316315 0.16416416416416416 0.16516516516516516 0.16616616616616617 0.16716716716716717 0.16816816816816815 0.16916916916916916 0.17017017017017017 0.17117117117117117 0.17217217217217218 0.17317317317317318 0.17417417417417416 0.17517517517517517 0.17617617617617617 0.17717717717717718 0.17817817817817819 0.17917917917917917 0.18018018018018017 0.18118118118118118 0.18218218218218218 0.18318318318318319 0.1841841841841842 0.18518518518518517 0.18618618618618618 0.18718718718718719 0.18818818818818819 0.1891891891891892 0.19019019019019018 0.19119119119119118 0.19219219219219219 0.1931931931931932 0.1941941941941942 0.19519519519519518 0.19619619619619619 0.19719719719719719 0.1981981981981982 0.19919919919919921 0.20020020020020018 0.20120120120120119 0.2022022022022022 0.2032032032032032 0.20420420420420421 0.20520520520520522 0.20620620620620619 0.2072072072072072 0.20820820820820821 0.20920920920920921 0.21021021021021022 0.2112112112112112 0.2122122122122122 0.21321321321321321 0.21421421421421422 0.21521521521521522 0.21621621621621623 0.21721721721721721 0.21821821821821821 0.21921921921921922 0.22022022022022023 0.22122122122122123 0.22222222222222221 0.22322322322322322 0.22422422422422422 0.22522522522522523 0.22622622622622623 0.22722722722722721 0.22822822822822822 0.22922922922922923 0.23023023023023023 0.23123123123123124 0.23223223223223222 0.23323323323323322 0.23423423423423423 0.23523523523523523 0.23623623623623624 0.23723723723723725 0.23823823823823823 0.23923923923923923 0.24024024024024024 0.24124124124124124 0.24224224224224225 0.24324324324324323 0.24424424424424424 0.24524524524524524 0.24624624624624625 0.24724724724724725 0.24824824824824826 0.24924924924924924 0.25025025025025027 0.25125125125125125 0.25225225225225223 0.25325325325325326 0.25425425425425424 0.25525525525525528 0.25625625625625625 0.25725725725725723 0.25825825825825827 0.25925925925925924 0.26026026026026028 0.26126126126126126 0.26226226226226224 0.26326326326326327 0.26426426426426425 0.26526526526526528 0.26626626626626626 0.26726726726726724 0.26826826826826827 0.26926926926926925 0.27027027027027029 0.27127127127127126 0.27227227227227224 0.27327327327327328 0.27427427427427425 0.27527527527527529 0.27627627627627627 0.2772772772772773 0.27827827827827828 0.27927927927927926 0.28028028028028029 0.28128128128128127 0.2822822822822823 0.28328328328328328 0.28428428428428426 0.28528528528528529 0.28628628628628627 0.28728728728728731 0.28828828828828829 0.28928928928928926 0.2902902902902903 0.29129129129129128 0.29229229229229231 0.29329329329329329 0.29429429429429427 0.2952952952952953 0.29629629629629628 0.29729729729729731 0.29829829829829829 0.29929929929929927 0.3003003003003003 0.30130130130130128 0.30230230230230232 0.3033033033033033 0.30430430430430433 0.30530530530530531 0.30630630630630629 0.30730730730730732 0.3083083083083083 0.30930930930930933 0.31031031031031031 0.31131131131131129 0.31231231231231232 0.3133133133133133 0.31431431431431434 0.31531531531531531 0.31631631631631629 0.31731731731731733 0.31831831831831831 0.31931931931931934 0.32032032032032032 0.3213213213213213 0.32232232232232233 0.32332332332332331 0.32432432432432434 0.32532532532532532 0.3263263263263263 0.32732732732732733 0.32832832832832831 0.32932932932932935 0.33033033033033032 0.3313313313313313 0.33233233233233234 0.33333333333333331 0.33433433433433435 0.33533533533533533 0.33633633633633631 0.33733733733733734 0.33833833833833832 0.33933933933933935 0.34034034034034033 0.34134134134134136 0.34234234234234234 0.34334334334334332 0.34434434434434436 0.34534534534534533 0.34634634634634637 0.34734734734734735 0.34834834834834832 0.34934934934934936 0.35035035035035034 0.35135135135135137 0.35235235235235235 0.35335335335335333 0.35435435435435436 0.35535535535535534 0.35635635635635637 0.35735735735735735 0.35835835835835833 0.35935935935935936 0.36036036036036034 0.36136136136136138 0.36236236236236236 0.36336336336336333 0.36436436436436437 0.36536536536536535 0.36636636636636638 0.36736736736736736 0.36836836836836839 0.36936936936936937 0.37037037037037035 0.37137137137137138 0.37237237237237236 0.3733733733733734 0.37437437437437437 0.37537537537537535 0.37637637637637639 0.37737737737737737 0.3783783783783784 0.37937937937937938 0.38038038038038036 0.38138138138138139 0.38238238238238237 0.3833833833833834 0.38438438438438438 0.38538538538538536 0.38638638638638639 0.38738738738738737 0.38838838838838841 0.38938938938938938 0.39039039039039036 0.3913913913913914 0.39239239239239238 0.39339339339339341 0.39439439439439439 0.39539539539539537 0.3963963963963964 0.39739739739739738 0.39839839839839841 0.39939939939939939 0.40040040040040037 0.4014014014014014 0.40240240240240238 0.40340340340340342 0.40440440440440439 0.40540540540540543 0.40640640640640641 0.40740740740740738 0.40840840840840842 0.4094094094094094 0.41041041041041043 0.41141141141141141 0.41241241241241239 0.41341341341341342 0.4144144144144144 0.41541541541541543 0.41641641641641641 0.41741741741741739 0.41841841841841843 0.4194194194194194 0.42042042042042044 0.42142142142142142 0.42242242242242239 0.42342342342342343 0.42442442442442441 0.42542542542542544 0.42642642642642642 0.4274274274274274 0.42842842842842843 0.42942942942942941 0.43043043043043044 0.43143143143143142 0.43243243243243246 0.43343343343343343 0.43443443443443441 0.43543543543543545 0.43643643643643643 0.43743743743743746 0.43843843843843844 0.43943943943943942 0.44044044044044045 0.44144144144144143 0.44244244244244246 0.44344344344344344 0.44444444444444442 0.44544544544544545 0.44644644644644643 0.44744744744744747 0.44844844844844844 0.44944944944944942 0.45045045045045046 0.45145145145145144 0.45245245245245247 0.45345345345345345 0.45445445445445443 0.45545545545545546 0.45645645645645644 0.45745745745745747 0.45845845845845845 0.45945945945945943 0.46046046046046046 0.46146146146146144 0.46246246246246248 0.46346346346346345 0.46446446446446443 0.46546546546546547 0.46646646646646645 0.46746746746746748 0.46846846846846846 0.46946946946946949 0.47047047047047047 0.47147147147147145 0.47247247247247248 0.47347347347347346 0.47447447447447449 0.47547547547547547 0.47647647647647645 0.47747747747747749 0.47847847847847846 0.4794794794794795 0.48048048048048048 0.48148148148148145 0.48248248248248249 0.48348348348348347 0.4844844844844845 0.48548548548548548 0.48648648648648646 0.48748748748748749 0.48848848848848847 0.4894894894894895 0.49049049049049048 0.49149149149149146 0.4924924924924925 0.49349349349349347 0.49449449449449451 0.49549549549549549 0.49649649649649652 0.4974974974974975 0.49849849849849848 0.49949949949949951 0.50050050050050054 0.50150150150150152 0.5025025025025025 0.50350350350350348 0.50450450450450446 0.50550550550550555 0.50650650650650653 0.5075075075075075 0.50850850850850859 0.50950950950950946 0.51051051051051055 0.51151151151151153 0.51251251251251251 0.5135135135135136 0.51451451451451446 0.51551551551551555 0.51651651651651653 0.51751751751751751 0.5185185185185186 0.51951951951951947 0.52052052052052056 0.52152152152152154 0.52252252252252251 0.5235235235235236 0.52452452452452447 0.52552552552552556 0.52652652652652654 0.52752752752752752 0.52852852852852861 0.52952952952952947 0.53053053053053056 0.53153153153153154 0.53253253253253252 0.53353353353353361 0.53453453453453448 0.53553553553553557 0.53653653653653655 0.53753753753753752 0.53853853853853861 0.53953953953953948 0.54054054054054057 0.54154154154154155 0.54254254254254253 0.54354354354354362 0.54454454454454448 0.54554554554554557 0.54654654654654655 0.54754754754754753 0.54854854854854862 0.54954954954954949 0.55055055055055058 0.55155155155155156 0.55255255255255253 0.55355355355355362 0.55455455455455449 0.55555555555555558 0.55655655655655656 0.55755755755755754 0.55855855855855863 0.55955955955955949 0.56056056056056058 0.56156156156156156 0.56256256256256254 0.56356356356356363 0.5645645645645645 0.56556556556556559 0.56656656656656657 0.56756756756756754 0.56856856856856863 0.5695695695695695 0.57057057057057059 0.57157157157157157 0.57257257257257255 0.57357357357357364 0.5745745745745745 0.57557557557557559 0.57657657657657657 0.57757757757757755 0.57857857857857864 0.57957957957957951 0.5805805805805806 0.58158158158158157 0.58258258258258255 0.58358358358358364 0.58458458458458451 0.5855855855855856 0.58658658658658658 0.58758758758758756 0.58858858858858865 0.58958958958958951 0.5905905905905906 0.59159159159159158 0.59259259259259256 0.59359359359359365 0.59459459459459452 0.59559559559559561 0.59659659659659658 0.59759759759759756 0.59859859859859865 0.59959959959959963 0.60060060060060061 0.60160160160160159 0.60260260260260257 0.60360360360360366 0.60460460460460463 0.60560560560560561 0.60660660660660659 0.60760760760760757 0.60860860860860866 0.60960960960960964 0.61061061061061062 0.61161161161161159 0.61261261261261257 0.61361361361361366 0.61461461461461464 0.61561561561561562 0.6166166166166166 0.61761761761761758 0.61861861861861867 0.61961961961961964 0.62062062062062062 0.6216216216216216 0.62262262262262258 0.62362362362362367 0.62462462462462465 0.62562562562562563 0.6266266266266266 0.62762762762762758 0.62862862862862867 0.62962962962962965 0.63063063063063063 0.63163163163163161 0.63263263263263259 0.63363363363363367 0.63463463463463465 0.63563563563563563 0.63663663663663672 0.63763763763763759 0.63863863863863868 0.63963963963963966 0.64064064064064064 0.64164164164164172 0.64264264264264259 0.64364364364364368 0.64464464464464466 0.64564564564564564 0.64664664664664673 0.6476476476476476 0.64864864864864868 0.64964964964964966 0.65065065065065064 0.65165165165165173 0.6526526526526526 0.65365365365365369 0.65465465465465467 0.65565565565565564 0.65665665665665673 0.6576576576576576 0.65865865865865869 0.65965965965965967 0.66066066066066065 0.66166166166166174 0.6626626626626626 0.66366366366366369 0.66466466466466467 0.66566566566566565 0.66666666666666674 0.66766766766766761 0.6686686686686687 0.66966966966966968 0.67067067067067065 0.67167167167167174 0.67267267267267261 0.6736736736736737 0.67467467467467468 0.67567567567567566 0.67667667667667675 0.67767767767767761 0.6786786786786787 0.67967967967967968 0.68068068068068066 0.68168168168168175 0.68268268268268262 0.68368368368368371 0.68468468468468469 0.68568568568568566 0.68668668668668675 0.68768768768768762 0.68868868868868871 0.68968968968968969 0.69069069069069067 0.69169169169169176 0.69269269269269262 0.69369369369369371 0.69469469469469469 0.69569569569569567 0.69669669669669676 0.69769769769769763 0.69869869869869872 0.6996996996996997 0.70070070070070067 0.70170170170170176 0.70270270270270263 0.70370370370370372 0.7047047047047047 0.70570570570570568 0.70670670670670677 0.70770770770770763 0.70870870870870872 0.7097097097097097 0.71071071071071068 0.71171171171171177 0.71271271271271264 0.71371371371371373 0.71471471471471471 0.71571571571571568 0.71671671671671677 0.71771771771771764 0.71871871871871873 0.71971971971971971 0.72072072072072069 0.72172172172172178 0.72272272272272264 0.72372372372372373 0.72472472472472471 0.72572572572572569 0.72672672672672678 0.72772772772772776 0.72872872872872874 0.72972972972972971 0.73073073073073069 0.73173173173173178 0.73273273273273276 0.73373373373373374 0.73473473473473472 0.7357357357357357 0.73673673673673679 0.73773773773773776 0.73873873873873874 0.73973973973973972 0.7407407407407407 0.74174174174174179 0.74274274274274277 0.74374374374374375 0.74474474474474472 0.7457457457457457 0.74674674674674679 0.74774774774774777 0.74874874874874875 0.74974974974974973 0.75075075075075071 0.7517517517517518 0.75275275275275277 0.75375375375375375 0.75475475475475473 0.75575575575575571 0.7567567567567568 0.75775775775775778 0.75875875875875876 0.75975975975975973 0.76076076076076071 0.7617617617617618 0.76276276276276278 0.76376376376376376 0.76476476476476474 0.76576576576576572 0.76676676676676681 0.76776776776776778 0.76876876876876876 0.76976976976976974 0.77077077077077072 0.77177177177177181 0.77277277277277279 0.77377377377377377 0.77477477477477474 0.77577577577577572 0.77677677677677681 0.77777777777777779 0.77877877877877877 0.77977977977977975 0.78078078078078073 0.78178178178178181 0.78278278278278279 0.78378378378378377 0.78478478478478475 0.78578578578578573 0.78678678678678682 0.7877877877877878 0.78878878878878878 0.78978978978978975 0.79079079079079073 0.79179179179179182 0.7927927927927928 0.79379379379379378 0.79479479479479476 0.79579579579579574 0.79679679679679682 0.7977977977977978 0.79879879879879878 0.79979979979979987 0.80080080080080074 0.80180180180180183 0.80280280280280281 0.80380380380380378 0.80480480480480487 0.80580580580580574 0.80680680680680683 0.80780780780780781 0.80880880880880879 0.80980980980980988 0.81081081081081074 0.81181181181181183 0.81281281281281281 0.81381381381381379 0.81481481481481488 0.81581581581581575 0.81681681681681684 0.81781781781781782 0.81881881881881879 0.81981981981981988 0.82082082082082086 0.82182182182182184 0.82282282282282282 0.8238238238238238 0.82482482482482489 0.82582582582582587 0.82682682682682684 0.82782782782782782 0.8288288288288288 0.82982982982982989 0.83083083083083087 0.83183183183183185 0.83283283283283283 0.8338338338338338 0.83483483483483489 0.83583583583583587 0.83683683683683685 0.83783783783783783 0.83883883883883881 0.8398398398398399 0.84084084084084088 0.84184184184184185 0.84284284284284283 0.84384384384384381 0.8448448448448449 0.84584584584584588 0.84684684684684686 0.84784784784784784 0.84884884884884881 0.8498498498498499 0.85085085085085088 0.85185185185185186 0.85285285285285284 0.85385385385385382 0.85485485485485491 0.85585585585585588 0.85685685685685686 0.85785785785785784 0.85885885885885882 0.85985985985985991 0.86086086086086089 0.86186186186186187 0.86286286286286284 0.86386386386386382 0.86486486486486491 0.86586586586586589 0.86686686686686687 0.86786786786786785 0.86886886886886883 0.86986986986986992 0.87087087087087089 0.87187187187187187 0.87287287287287285 0.87387387387387383 0.87487487487487492 0.8758758758758759 0.87687687687687688 0.87787787787787785 0.87887887887887883 0.87987987987987992 0.8808808808808809 0.88188188188188188 0.88288288288288286 0.88388388388388384 0.88488488488488493 0.8858858858858859 0.88688688688688688 0.88788788788788786 0.88888888888888884 0.88988988988988993 0.89089089089089091 0.89189189189189189 0.89289289289289286 0.89389389389389384 0.89489489489489493 0.89589589589589591 0.89689689689689689 0.89789789789789787 0.89889889889889885 0.89989989989989994 0.90090090090090091 0.90190190190190189 0.90290290290290287 0.90390390390390385 0.90490490490490494 0.90590590590590592 0.9069069069069069 0.90790790790790787 0.90890890890890885 0.90990990990990994 0.91091091091091092 0.9119119119119119 0.91291291291291288 0.91391391391391386 0.91491491491491495 0.91591591591591592 0.9169169169169169 0.91791791791791788 0.91891891891891886 0.91991991991991995 0.92092092092092093 0.92192192192192191 0.92292292292292288 0.92392392392392386 0.92492492492492495 0.92592592592592593 0.92692692692692691 0.92792792792792789 0.92892892892892898 0.92992992992992995 0.93093093093093093 0.93193193193193191 0.93293293293293289 0.93393393393393398 0.93493493493493496 0.93593593593593594 0.93693693693693691 0.93793793793793789 0.93893893893893898 0.93993993993993996 0.94094094094094094 0.94194194194194192 0.9429429429429429 0.94394394394394399 0.94494494494494496 0.94594594594594594 0.94694694694694692 0.9479479479479479 0.94894894894894899 0.94994994994994997 0.95095095095095095 0.95195195195195192 0.9529529529529529 0.95395395395395399 0.95495495495495497 0.95595595595595595 0.95695695695695693 0.95795795795795802 0.958958958958959 0.95995995995995997 0.96096096096096095 0.96196196196196193 0.96296296296296302 0.963963963963964 0.96496496496496498 0.96596596596596596 0.96696696696696693 0.96796796796796802 0.968968968968969 0.96996996996996998 0.97097097097097096 0.97197197197197194 0.97297297297297303 0.97397397397397401 0.97497497497497498 0.97597597597597596 0.97697697697697694 0.97797797797797803 0.97897897897897901 0.97997997997997999 0.98098098098098097 0.98198198198198194 0.98298298298298303 0.98398398398398401 0.98498498498498499 0.98598598598598597 0.98698698698698695 0.98798798798798804 0.98898898898898902 0.98998998998998999 0.99099099099099097 0.99199199199199195 0.99299299299299304 0.99399399399399402 0.994994994994995 0.99599599599599598 0.99699699699699695 0.99799799799799804 0.99899899899899902 1


